,0,1,2,3,4,5,6,7,8,9
0,-1.6626880412704794,-1.4241529957284274,0.29807594821330896,0.5373271049096907,1.7353004968114922,-0.3099261442045173,0.07335277317070886,-0.5242749422935109,0.2998440306643967,-0.3697987444863546
1,-4.721683898065114,1.4604637982060553,2.506798693039313,2.6838389860763843,0.9686199088348213,-1.002986291108604,0.42612068000884357,0.9671918989414988,-0.35453614612788137,-0.07861888040690984
2,4.727083676383631,2.0598998969304936,0.5722827690873691,-0.8395556959507552,0.14246540992894738,-1.505582134903418,-0.21564358584521776,0.7557713515980172,0.13662612436546473,-0.048921967890104404
3,2.6827961607732647,1.1008660275156172,1.882749022010706,-1.3071718671567358,0.9884970799101059,-0.3953037072387591,0.007941473406943894,-1.2168184120970564,0.9806585928152537,0.7525979694836668
4,2.276497835800704,-3.6857981104976036,-1.044110845558068,0.971327043195387,-0.4959857006567707,-0.3485763429166501,0.21827237011235734,0.022921320686887296,-0.8559477189033871,0.31295752306751967
5,-0.4693207166924942,0.07907950809203439,2.296219619375242,-0.5631612952225292,-0.9261842114654261,1.3053196644693998,-0.26641432918499486,-0.2489073087475232,0.1901256312677264,-0.3186379590718133
6,-0.4770497982176056,0.27169823181415753,0.9233753656986369,1.0166220899494003,-0.47128109115818295,0.6951080797799664,1.6040697490614408,-0.2590868075005671,0.6265791065294737,0.37085780794062956
7,-0.4822084867799494,-1.8513681480606463,-1.4723338600753262,-1.4210809646434228,0.44983906922143446,-0.17838875859860484,-0.6596015096274532,-0.4413550745213519,0.3787369734210756,0.0356417924290989
8,2.4769501634729005,0.15413450162645603,-0.6881495785466857,1.0629378122631954,-0.3989537535382743,-0.5024914131491827,1.1884548953333829,-0.1268511224574785,-0.5067214313897899,0.18953019741793317
9,-1.4202310750765657,0.25902424586812844,-1.853765620677454,-0.22375574865537123,0.27554966943652476,1.0394393443391539,0.7378988858691933,0.134954258127817,0.4420215995615353,-0.006340026766770524
10,-2.0883113459262486,-0.761900292441583,1.196615302389633,1.4726597462302813,-2.096734930849698,0.18712022929341043,-0.3905764581012542,-0.732108596420879,0.6248648664072468,0.1534199366459868
11,-2.6360074665206605,-2.3861893982075877,2.3940687485296817,0.15401848199639068,1.378513876673456,-1.1498327824583627,-0.14728405089818822,0.6862534277890898,0.6467905979561479,-0.5084552964820327
12,-1.5701984173000316,-1.0163733139824986,-1.241767828878705,-0.4662633345886224,0.06790439074562046,0.07679589430731572,-0.8156971916794737,-0.5225629130817444,0.5789553435189576,0.1570705633740427
13,3.8753177144693245,0.7139768401164764,1.3797399650018007,-0.3113146456613469,0.34875752660580517,0.40291517720869763,0.14171531528188439,-0.09753129145438504,0.38838115410100904,0.35688930894693477
14,-3.6325554235281343,-0.88850069960816,0.06695290893852848,0.17063763148252237,2.271546901591688,-1.3848580210295256,-1.225832806785661,0.6062917592894606,0.17682080969572544,-0.3231227613561328
15,-3.3654416224350117,1.1933064335662396,2.3286666059603434,-0.1461712053667937,0.2725472943847829,0.7966400908332155,0.673805478324126,0.9914198792323052,-0.7349611099466825,0.4479876161640493
16,-0.29062988163210923,-1.1938289656300751,-0.8671455636934264,0.9106136573548403,-0.5766856507232624,-0.1570749024848823,-0.4165855921324774,-0.8831175383350814,0.3009597967137545,0.08214997975141723
17,-0.3260772921015762,-0.6451676063978428,-0.2307000722842778,-0.14051080692193285,2.3069611124963494,1.7445035635078145,0.5301143636102826,-0.4574040036746381,0.412062467897767,0.04682346591292101
18,3.295002494755707,-1.8437830813689144,1.2505076160313215,-0.3473416859047607,-0.49281398949212907,0.1049954387380348,-0.38827620988866024,0.9036490709475079,-0.19813772730163226,-0.04788800109504461
19,-0.09180210851447998,-1.8202803871891473,-1.0905616051329898,0.8972110559451736,-0.7192655472028708,0.15212366708026936,-0.43536872845988056,-0.21610138144423074,0.44031457572821187,0.03220560270793715
20,-3.5234860104661463,0.41530822875481577,3.989443173952116,0.3294657334149551,2.0956058917223324,-0.052342409220536595,-0.3097957233562685,0.5337675375512612,-1.113260203746989,-0.03600430360228991
21,-2.935807204820803,-0.686614133906113,0.17479054430617408,1.7081563457111721,0.3638714111369854,-0.30108553949639993,-0.6753404694228439,0.0845911776068242,1.0340328268665635,0.31296481402758847
22,-0.00127856175356445,0.7906581239439283,0.812551189232199,0.13977054064871727,1.1058341885346215,0.455922493833571,-0.18710720119329877,-1.0609587321363554,0.2859129100263945,0.30791758026273097
23,0.9322285735431498,-0.2699023091083786,-0.8193045450431572,0.6907400772031206,-0.8279553607188442,-0.7786283439197174,0.6519747231379545,-0.16227087813199653,-0.20770051074358442,-0.09713565038036075
24,1.9657198554171467,2.1650466382301707,-0.21928474951712434,-1.0035179896842734,0.259817178537217,-0.27120879579994733,0.16584684157226168,0.030501970749105874,-0.3083374953393728,-0.5415461156341999
25,0.9448171211853454,0.4411828944062011,-0.9255517929821739,1.054360137352415,-0.4798191294769879,0.8359598298338314,-1.6166450419430536,1.0060814385776802,0.7048976397452655,-0.5306667346799601
26,-2.4970624789833025,0.9718074588557402,-0.28473897845245816,-0.7531460585571326,-0.27183544964403855,0.6472759333981154,-1.557298333262816,-0.33435500812672314,-0.4366317027288825,-0.23392466402981274
27,0.7769014212144729,-0.9561323903993961,1.1379660269202205,2.015231170524845,-1.6228727292963732,1.0979526885991067,-0.05301382912820922,0.32506750089005176,0.34969733820705995,-0.10865465043962759
28,3.8253754037492658,4.034121501736067,1.2232098901304709,-0.22982097127336565,-0.1794544903712956,-1.4948681382612647,-0.38277629240112365,-0.3220047243969824,0.9229885264051034,-0.16556155703880704
29,-2.6697699849278727,-1.1807899584248809,1.0441852545544323,-1.0399804131649715,0.23203571485789443,-1.2004735780746167,0.6934934636489253,0.3061773613751042,-0.7168281755069287,0.18477931564917177
30,-3.831290092621663,0.8043250675420427,1.6345515453116182,-0.4952776404711298,-1.2218553161712695,0.18131231194680605,-0.14451696112313178,1.24491457277612,-0.3071862550126099,0.9308688579715017
31,-3.748699628018519,-0.15610293902434358,-0.1867792741541592,-0.1411840493351023,0.9690134407965549,-0.8232755674555265,-1.569409399461881,0.2902065623520183,-0.19195664550447383,0.5282718349958035
32,-1.3504291286414003,-0.06048581898175315,-1.2299466462747282,-0.9478968845514527,-0.46369272513287124,-0.3881225979680213,0.1648810965516143,-0.25795163321176584,-0.4203251024889973,-0.5444103912892095
33,2.348171388257974,1.4439559313345294,-1.7142991729149906,0.7130503085026493,0.6135926344248348,0.6748997122890673,0.5729780053575548,0.4569894263334131,-0.2722850879083809,-0.07796453382987446
34,0.15243887349685195,-1.2210119012382463,-1.6901592441148592,0.9593704495696855,0.2456559455197556,0.33929482748895534,-0.18202187049009935,-0.7326627111555069,0.5190642712184479,0.34802434583018255
35,0.9466398156496798,-1.4774222126057734,0.6272526183417072,-0.7502454834646419,0.23562325533353579,0.05296621610044147,0.08583939949393458,-0.6061865697549459,0.5869662526141645,0.3926587433395556
36,2.0725819732861774,1.0478941753584448,1.6306781700158168,-0.11263356906813639,0.7468686145077645,0.239690669489996,0.6677218131183404,-1.445657607605193,0.767514804440355,0.7286609632071475
37,-3.550037685329195,2.5087262059841597,-0.9111532740762404,1.5074864195318765,0.22463366453457081,-0.06695602009676058,-0.35541368027268955,0.11681867011389617,-0.17373919684488937,0.6153560917264903
38,1.7645089265945326,-0.279856407469282,-0.491231555159391,-0.8063880595549359,-0.4784044353448741,-1.2641518002595453,0.14390535450685227,0.3596221063221334,-0.21461810752913885,-0.33468877133842523
39,-3.6633180355646235,0.8909854735280698,-0.728479385321175,1.3457526202350845,-0.5068986992871926,-0.7148073007581216,-0.2565393789382071,0.44819084120704267,0.31517388680924807,0.4997680801298736
40,-1.167764452305312,1.2386734165488422,-1.5298727939832628,-0.16706038237086238,0.23178699207773953,0.8355228599489961,0.5677502081441009,-0.1726173523346214,0.10356529256738323,-0.20294791120096256
41,-0.7336829093084916,-1.1481124043959385,0.8915841236554345,-1.9367543535622385,-0.3991613298027909,1.087882468298018,1.3079795224153796,0.6185456961902055,0.09260270540837878,-0.17435041259600292
42,-0.85141428301646,0.21304539316066715,-0.38498107471591875,0.7144288517718419,-0.7567027813594162,-0.6198314538968119,0.6876758368705828,-0.4522824933845992,0.6238159194972964,0.29660567350542993
43,1.0100282961396483,-0.3200144577392415,-0.22022722382411147,-1.1397880502150375,0.16559568457214538,-1.0212448934915868,0.9393340724041549,-0.24338799639917744,0.2902359840380819,0.27358396760574455
44,-0.5699636683946453,0.6028729296069849,-2.068433158893111,-0.2561512511153984,-0.5360129965467892,-0.3877157559332637,-0.5353459129036324,0.6444421229385805,0.11654819373277148,-0.8549505251807628
45,2.229346399868626,2.3758797303003,-0.08229911347374558,-1.0061466812038495,0.2990334452038468,-0.20868470932240554,0.09672814364631549,0.23850632881632877,0.016549387247421946,-0.4670767387571486
46,-3.4212111111882963,0.9788217599114116,2.370591212351407,-0.9201807351612379,0.16379708984535657,0.9891454666491302,0.5173189114031292,1.4172393004114132,-0.6442326631907636,0.666538543137785
47,1.2293481216299909,0.019200764911438094,-0.9043017483018457,-0.0039029038182892073,0.7598975506569052,1.2372454152856875,-0.2185183450645374,-0.7640528070067496,-0.9237556981067424,-0.2849977240542834
48,-0.054880417819322486,-0.06814448709041915,-0.9097385156214026,-0.16701800447112858,0.5211039214479904,1.3499112680772432,-0.19494242730351194,-1.0192673666903203,-0.9002511577231904,-0.41260556383684066
49,0.1554089391009645,0.05988501817962521,-0.5678396600826386,0.20872190149318498,-1.1573304465919407,-0.8768538925686503,0.07711152966527968,0.12677987237351632,0.015268762950058815,-0.5019020458451513
50,1.5157330500946022,-1.07946589146572,-0.7355361923503632,-0.8881953943735994,1.964457102531145,1.4135387892604763,0.43225085549805287,-0.4391287270565482,0.1893862475657433,0.36181062272890246
51,4.639364764499612,0.34700765581758286,1.0967820713143699,-0.5261658246520392,0.49531735382510683,-0.8007508874279907,-0.6549931293183386,-0.41784338252602216,0.08973030538745821,0.3573293710350769
52,-1.4496587215757555,0.06396743150981525,2.3303591104478287,0.6529107601766126,-1.1157239586620855,2.7865070792880555,0.4000297026394495,0.14286415113795228,1.0565409875260434,-0.08560111080340438
53,-1.8249784026439642,0.09606092698357226,-1.5680502383754118,0.24831595635405151,-0.9771916448865265,-0.7243619081664564,0.18139931084841393,-0.6669480529861186,-0.36359229170671054,-0.439226282825334
54,-3.9417479312739134,1.3977983506918048,-0.46944274247441997,0.6919236710213167,1.7783262965010955,-0.47518269078761305,-0.10636609486689286,0.8771566760380759,-0.3029202092445518,0.014254766197529698
55,0.016119360903401846,0.6590374845227738,-1.5136084749523389,1.1889794285351765,-0.8547940970329847,-0.5523704932206005,0.2663216333362807,-0.30088738971530976,-0.13840024868027323,-0.328902949783098
56,-3.2119807974802397,0.41829512866402835,-1.0562153358968083,1.3808816714002983,-0.4820997970706981,-0.7349184481883961,0.052961782113450664,0.14161748865709364,0.38400880809103205,0.6117399983515144
57,-2.6642773723257,1.4463656059872019,-0.5871169917713223,0.6613280396808286,-0.36188231247841657,0.10101173862731604,0.24149056076267736,-0.3306244487807419,-0.49158602245289623,0.42824767120172447
58,-1.6412598151342865,-0.5674872704304285,-0.3398723686427637,0.2507339075570491,1.5139877767723495,0.41980885763524595,-0.6022671937221551,0.10949744134452392,1.0286630317267953,-0.0021758068993738013
59,-2.871301698410451,-1.0937884367430912,-0.9103044016421522,-1.0642725542910394,0.4586738087153058,-0.7365901472365988,-1.3307820437173614,-0.13958760418865354,-0.1310038214403258,0.7983371597281604
60,1.1969319089897863,-2.1864445252552867,-0.8870578043371988,-0.23751898047585657,0.12474673061771814,0.4712302290502657,-0.17605216030673845,-0.006967352266273245,-0.22204580921675474,0.014847442382201209
61,-1.3108228169884841,2.0976973314454024,-0.02776538195829199,-0.7917993997286323,-0.187390750000913,0.3987782160246251,0.23223134622693184,0.15274676539859267,0.27088225359441176,0.01424031591256234
62,1.7462391046294128,-1.7595604612014242,0.1259373743235352,0.8757254618206903,-0.11560992413464773,0.4570292869058392,0.282541996928815,-0.21130623399207316,0.5162935746980816,0.5342951021124765
63,3.633717198773849,-2.7642383908808026,-0.5711753667664587,2.1637663739620066,0.11313934922360011,0.3948007556531246,0.5738053289032624,0.41803532642157165,-0.538640450352357,0.6725184654981617
64,2.821070056170209,0.5921893118099819,-0.48069215305574664,1.0101599929402199,-0.40334537387021335,-0.5935485707667795,0.9329426264707475,0.053734063345116226,-0.3610019863428856,0.1331674954346901
65,-1.3654796765691544,-0.5149277729477167,-0.9865648660844826,-1.1701522930506272,0.4988117432759027,-0.31651634065640966,0.6612305291798394,-0.10084741207434929,0.012543329935369761,0.15978166389568846
66,-2.50300109804217,-0.0787839444310708,0.8884980059609373,-1.345742480834603,-1.5256799749175853,-0.37220564566557846,0.10769916998956283,0.2281760119001274,-0.6421533901413697,-0.4754120081105495
67,2.0101294139636257,-0.12464911748112822,-0.8665472907041436,-0.2110116450416676,0.9734555386788055,1.19623700833109,-0.29938875467354514,-0.35572973804250946,-0.7034253142184766,-0.15129949466998416
68,3.0131707517882615,1.8063729494869252,-0.04261652358437859,1.0076765916923103,-0.5145328834325181,-0.9173898487091345,0.4909547695941082,-0.2088002862526614,-0.47572657436187965,-0.12552125278087967
69,0.04482764847914528,0.8082852246747162,0.16214154620172627,0.2565057896886799,-0.5963090734926715,0.3218124409312155,-1.203983470234539,-0.6943680990152856,-0.5090082454503745,-0.787833884433121
70,0.695530680901228,1.0302582793570434,-1.0438647617255876,-1.62934515026014,1.4094147494011013,0.6621286217490983,0.7425404003730299,0.38574252120847763,1.097081708091478,0.3681256339942411
71,-0.94616378978503,-0.6968185080721547,1.4999358327491494,-0.16550809405583622,-1.6787576387642242,-0.06520434041949255,-0.6650492681526043,-0.5762044451474301,-0.22554691287678855,-0.6870461940676648
72,3.153096568210197,1.0086238119730053,1.3145332658659867,-0.650469318560984,0.14898529619462833,-0.8933688476628895,-0.8109209069369565,-1.1521876417991783,-0.13034600152644726,0.003045440795339295
73,-3.0754629704177625,0.899154596343981,-0.032388080259183244,-0.06955812590505489,0.3253782121297071,0.6145117672459656,-1.4337780400797313,0.09634166656281656,-0.07458309086665318,0.637776734339887
74,-2.716253051518145,0.23030325803625737,-2.2539638382291156,0.8378684102825537,-0.5584621688908429,-0.18527466099294884,-0.05082736877247608,0.23889453155698104,0.9246318122325927,0.858106283524367
75,-3.1016327756507067,0.9268255607757528,-1.7484105840425561,-0.1640584858411504,-0.6976485803153158,-0.2143953380998996,-0.6284411054913254,0.5676516620785659,0.3448786125852935,0.17387863969765818
76,2.9650476709826803,1.3374988839377246,-0.25378240429637666,1.225431343593313,-0.5607307993728856,-0.7048305712385406,0.6469239110906736,0.005984367382965299,-0.44359925359630026,-0.0693411539397485
77,1.0906114076314513,0.29517062473086714,-1.3403888252980658,0.4746328440704944,-0.11195597265445184,0.170101854013274,0.7974623021449008,0.0290146200999214,-0.5787395380664062,-0.23982395519176486
78,0.6060459353161425,-1.6490515706523732,0.3556949643946303,-1.3123510327458332,-0.7265421908224801,0.32445670760106593,0.9634469557963052,1.1356220076592214,0.05936839285501179,-0.36910700611640773
79,-0.3245738783768047,-0.6820330414620759,0.9878018499606621,-1.9756858542391518,-0.584632784196148,0.8735029041491478,0.9674458253207374,0.6636999409086429,-0.44846813497895677,-0.7319668278118441
80,0.23806922275612646,0.2695066547715871,-0.7560768044778637,-0.17064973969272446,0.47212461681627216,1.335219078691385,-0.4078266027346657,-0.7895624372540073,-0.8370413964254484,-0.5271163646892485
81,3.4549424636846724,2.1865647066359357,0.8249928527992907,0.22094506465407165,0.1550044377793837,-0.23159974811366238,-1.7516210807512127,-0.12538075335049342,0.32101572642448023,-0.30202051255323364
82,-2.0939408803507313,-0.203366453912409,0.5017267312363801,0.3713158398331687,-1.3614626584308496,-0.6410290718343342,0.7283344490209824,-0.34069600610365014,-0.034242168081962295,0.2857263202772976
83,1.7377949252254983,2.799223802106518,1.2153162893190912,-0.6887195872155149,0.9168196693793436,-1.0640544015219355,1.1336667218894294,-1.1486007008838095,0.4640630286704576,0.6021229998771132
84,2.2337846530362633,0.15232201899948608,-0.02950837182982695,0.27096191957449706,0.15632408037877446,0.27236301545300995,-0.7478642026330307,-0.3078777211037704,-0.08984434103354541,-0.07408474381785164
85,-0.5247904512156633,-2.06685920594668,-0.36917887109098463,0.576534546421082,1.2651121027196737,-0.11505730719890811,0.2918116473792287,-0.6865216852731495,0.4860451603671052,-0.015037858582418637
86,-1.645898347566696,-0.6620384615707604,0.6505956661529624,-0.8116469868765326,-1.156685457952443,0.3866869400962058,0.9134941812180549,0.2080016939321005,0.06483089269418969,-0.1785491874275181
87,-2.272715150360644,-0.2484938519029157,-0.7530163978838396,-0.5096385084552969,0.5856497127645806,-0.8060484934118899,0.20009383677320944,0.2470579755429932,-0.010370881781388048,0.05461928854885789
88,-0.20022081576534181,-0.6989361554406364,-0.9508991003915409,-0.564570787181101,0.429186311637713,1.5350759362575053,-0.3263335260466998,-0.0914054779212636,0.06525319716086825,-0.27828078396899314
89,-1.5924205490918708,-1.333907196888675,-0.8359020930308486,-0.5372574214017631,-0.5964364245960846,-1.0438451033752387,0.6610928134521251,-0.49700989413448354,-0.09275409561019685,0.1341994854721419
90,0.5374888913182295,1.2362245862799741,-1.4625693896081502,-0.6533741581242131,0.35914397072108795,0.726412816819142,0.2534860376042612,0.5945958695650279,0.03974782435127364,-0.5351113263269551
91,0.6550069153010789,-1.52152298610311,-0.6844220456166288,0.2583887579591231,0.15652323184060254,-0.25484366841146194,-0.21994218545216795,-0.6183447335701595,0.8726426581994182,0.49390202124627336
92,1.1762576962317226,0.22930098485109215,0.11417392312984254,-0.33838178426775883,-0.002589761255978422,0.20796841475433137,-0.9135110665349582,-0.5032094472754726,-0.13807892466316427,-0.34613347334941685
93,-0.2541678155618747,-0.46248549610189466,-1.5468229592110214,-0.3990450410754099,-0.6779090785951132,-0.6301647030465731,-0.00036328876054035744,0.5101940066895047,0.18765268625720588,-0.5023252811892073
94,-2.9638049619689797,1.6995062290669964,-1.4567954810622086,1.039743609095994,0.034844331989055954,0.24812258384506755,0.09000991746955704,-0.33923161939429974,-0.4113898539631169,0.5373234992897332
95,3.5271687559236975,-0.12534227914463852,1.9078714368200709,-0.48450020898845203,-0.20754274400413672,-0.27409699160671985,-0.20450921554302545,-0.3003911143487792,-0.030179621000523054,0.13273014953130322
96,2.1821346356964733,-2.8765879403865857,-0.3284946305330292,-0.36451228420734805,-0.07891718219529185,-0.314867408225804,-0.030663759414049165,-0.17944513534839163,-0.6434185251263479,0.13705161563950655
97,-3.2040927364096454,1.7164856315162134,-0.9300098904536597,-1.483972899996567,-0.2587053619680736,-0.6377047331857809,-1.3070562435437436,1.2010475179574862,0.22353978988918366,0.4103766750115651
98,2.342453680558773,1.1881096565167575,-1.3497151559133864,-0.918881264145142,1.0277164932177445,0.6621493480991782,0.468419112765733,0.8403967008373531,0.2785579929682649,-0.08118765845409386
99,3.7382035150206048,-0.9038225328239936,-1.0583023772782312,-0.37138290975455523,1.3933816033864872,1.1878609461360878,-0.3156193882781998,0.6195696202371597,-0.5494928722597067,0.17314058194934925
100,1.563243851557967,-1.3762833439574642,2.21641187437307,-2.5947382789172604,-0.06076318717607055,0.12994721572125623,-0.5207976275459083,0.8668179386906465,1.875183263314639,0.3364416041968986
101,1.0009781263923538,-0.5928648179985108,2.0230780677830595,-1.2178657367680183,-0.11035635472583404,-0.14404861945794267,0.1281898453804401,-0.9273059773311402,0.48352992979265913,0.42556313164124604
102,0.4051539926125448,-2.3314115258895085,-0.7058706399463537,-0.544040178209549,0.9178643362730247,0.13996081573695993,0.3319499895395878,-1.0321065004581496,-0.24529702535186965,0.23577940977524348
103,-0.06611236467622177,-0.8006389967729174,-2.514604648783486,-0.6466135338196969,-0.04143140168446978,-0.33163111497695774,0.04003693936818922,0.7483787025571229,0.28282199792407026,-0.3617508061615416
104,0.6666969254378056,-1.1637470413158932,-1.4479112764681072,0.5746083253319331,-0.08885063070298674,1.0004762547308321,-0.8482033559929255,0.8634253085126115,0.846661529940711,-0.07045772938374247
105,-0.7415775416724092,-0.6569100414797253,-1.6523621358795288,-0.481323827238058,-0.6905412067083578,-0.6858103734874214,0.13765111017491813,0.16520015456679357,-0.04044294003143569,-0.5117260491842566
106,4.900684869949667,1.0529563734279623,0.15406614598413698,1.5644983345955705,0.15257854508842725,0.2802516497333821,-1.3887346628179038,1.0058137396313303,0.04857149262681351,0.08851505389782086
107,-0.8482045173851747,-1.1782749454583066,-0.8722293935928209,-0.8455223765686186,-0.9895265218221092,-0.9920898982040837,0.2892692009209371,-0.07118077362457095,-0.2950624939561501,-0.5148924163432415
108,-3.26734985736082,0.9240850848573012,-0.007502102824170097,-0.6739574292704281,0.3914973590255065,0.48799782397884983,-1.4152270172824428,-0.20780965578861166,-0.86273768465904,0.9073578324833822
109,3.6286143460300933,-2.5066982952874315,0.9017252102690886,0.545478177249689,-0.5929982950083504,0.6764798704797196,-0.028980612163647577,1.6009787097776267,0.18675117095230653,0.3062552705004385
110,3.1056788077321236,0.11848684263684367,0.19765352173194106,-0.3010312399458874,0.9123595637214954,0.9288168490662884,-0.11955580288354334,-0.4954607602992704,-0.8124688464943195,0.0014812934181485178
111,0.5036421233754329,-0.5772178573093124,-0.29971275330854125,-1.0925559957063307,0.0711113977174178,-0.9856142437053714,0.8676136740349811,-0.20555845651132046,0.7195928987711725,0.3850222072921615
112,3.6854204255410106,-2.6721373638868537,-0.6899304484133113,1.461104972826558,-0.5316362284397587,-0.5451918472598253,-0.44614721483203984,0.7068883977463194,-0.7160538050893651,0.3079494468165556
113,-0.28896016664527646,-0.28227296394081075,-0.572905034303997,-0.5225250590139423,-1.186769752622239,-1.0088690719867932,-0.10353123713267659,0.2522489912232537,-0.25224981331983437,-0.770504527020705
114,-1.0169544183585957,0.5059546454609678,-0.7920904832147473,-0.9418683552501679,-0.4782503394771438,0.3569633485193791,0.08842288267230636,0.5665708694046464,0.2570134714636125,-0.6306477731078384
115,1.980517018188048,-1.1282456258538287,-1.0567078265285557,1.9057451776809944,-0.6162922109956832,-0.026980817877106298,-0.6463673992549834,0.17701399925426137,0.05191700375210578,0.13475169055759548
116,-0.902698792473092,0.46720183569551577,-1.1269380922001955,-0.740899786481191,-0.42243566226536894,-0.5483072317542163,0.2148579976548231,-0.5807721841364815,-0.6857320684837438,-0.6016575132788919
117,1.9202919880918579,-0.19851307602472262,-1.675502570031079,3.0363911414003746,-0.44129186610208443,1.141104810162346,-0.7921131668337732,0.7192148674786584,0.10258987464165877,0.040127232594676855
118,1.0192153555967502,1.9039317527183826,-1.4444587219056886,0.4240574673772293,0.2370418840654832,0.80281359755088,0.2930026113361849,0.3851920192410272,-0.019619112397777236,-0.42086818243985874
119,1.687337483435875,0.12878414873069002,0.16988950562554794,0.058806923373924076,0.3934575468472826,1.4140855352840105,-0.12064224119005793,-0.36244677717763596,-0.626012072474798,-0.2450847685516415
120,-0.44638588686909186,-1.6337288037126114,0.4102147071973302,-2.5981410755201044,1.9927182428080101,0.17623178234487644,0.17680695694210694,-1.0429737145344495,-1.0122857997523451,0.04304201036363373
121,4.987235392402991,1.560176234511091,0.14603269701079932,0.1464896632688135,0.1883019997927618,-1.266299835727193,0.3128466243401803,0.5468822291528797,-0.0043921694688370035,0.33138566087727533
122,-1.7170587984409789,0.1727535040131847,-0.8853436968705836,-1.3740914562252757,-0.32023706819216546,-0.3646416908104704,-0.001604787498788689,0.12670841195317856,-0.027302656050845912,-0.27291330693280635
123,2.7948690717109828,-0.09537549466959223,2.0119953427178094,-0.8742111572938169,-0.4901129421966343,-0.20271302315730158,-0.5075057106968694,-0.020260987280674547,-0.08758140191805999,-0.25811533872445175
124,-0.1414711424206125,0.693362063507771,-0.7806815674754982,-0.7813347912635857,0.11277806021242424,0.028074382241073247,0.6473877206469488,-0.2395719416176998,0.11225982666371633,-0.12196880005036333
125,-3.12636672050735,0.640681657474119,1.118669406766179,2.0369152302699223,-0.5633155310848397,-0.46374160908543766,0.9140681880896914,-0.3733998734662834,-0.5034819089420332,0.27529053028684575
126,-0.9313305102711111,-2.6716589311181123,-0.31591858682995927,-0.26084543610067157,-0.4712733738179323,-0.5872055496072867,0.23254268315919474,-1.543082312022701,-0.05833249615689977,0.6930048253638318
127,-2.243242864951132,1.8953698334652074,-0.6905092697811737,1.2045346548904523,-0.9205560358664597,0.6315549195565648,0.36157752280752825,-0.5309428942006456,0.29774548398694356,-0.028342394748010175
128,0.6782514489610799,-0.8759189375071083,-0.9345475345858527,1.4768493079113945,-0.7732707666851033,-0.15757581996105302,-0.6369833502456105,-0.5412612425311975,-0.10444967708222083,-0.10778614576086798
129,1.90665067375267,-1.0999802673412487,-0.7290155904239923,1.31924707695632,-0.1768568532409988,0.8811349989204234,-0.36753798881968347,0.26348975682593895,-0.3212918466459645,-0.007257084055176202
130,-1.5412987621304204,-0.13163014485558672,-2.2336159762058547,-0.6973837328709271,-0.35733719733983066,-0.3205161897749213,-0.13745392703641804,0.2974138398149764,0.3552345069881797,-0.4692990568260436
131,-0.91701836530813,-1.0101845729467815,1.0856404045998846,-1.9078405030220063,0.06794784105075147,0.3437343063155289,1.251212434893523,0.4268499537168227,0.22533806653403834,0.292487851794795
132,2.5855908173707154,1.0871776888448939,-1.1213918399099032,1.1526887005394988,0.1957441677117051,0.386599576362981,1.1605854147122951,0.014205961553215955,-0.6302393076819554,0.08188161010614649
133,-0.9149860671103827,-0.9760634705112049,-0.5925899959122907,-0.4848713588271298,1.536254180938882,1.3490168002813607,0.13174135219364622,-0.34848539488207886,0.5282460758231834,0.1502868361633858
134,-0.8886369607974343,-1.6730633738631293,1.1119938284252162,0.1488184446494769,-1.4854703804471745,0.21997748751158328,-0.20382542019006147,-0.4572534562378112,0.1939216217317366,-0.18609787462172286
135,5.404105560890888,-1.2936687035460044,0.2251201588116821,0.7072348997595371,0.1401506288836487,-0.19269518997854448,-0.6415608674322213,1.1381874828170455,-0.6912393224251632,0.2917093910387866
136,-0.6543820753050619,-1.1828679720215751,1.448709557772926,-0.4564330353999417,-1.3430607679072761,0.2604112590725921,-0.38920126292694235,-0.46220008576958616,-0.23119234890800572,-0.5491992437569132
137,-0.7447881364467087,2.574409348380565,-0.0762607289689334,-0.06529870156712654,-0.3541401739179232,0.14475401706080818,0.009456395060626312,-0.08639102261898327,0.44493287689202676,-0.11126889292501811
138,4.38406248018286,1.6715921691050428,0.015370491247165602,0.8045325092686039,-0.04339989289445725,-1.067287154871861,0.5349201241416868,0.14526080745436162,-0.0894265372618207,0.3116290877961516
139,-0.7685326421724253,0.15313445387988878,-1.5146430625607277,0.6394262616873743,-0.3679584177952693,-0.7569410470666545,0.6575325008573524,-0.9016741146701729,0.04241073226313146,0.11866888209771358
140,-1.9118615749473797,0.9084408413367658,-1.43218654127123,-1.8272471993224662,-0.21688902702548135,-0.5123967606842077,-0.7588000352135663,0.7055665077537987,0.509617244830778,-0.35651284471205874
141,-0.8677261956534583,-0.8967600134445217,1.040938608901855,-0.7656968685518666,0.19207351756346897,1.2181348714525293,1.7860071272818312,0.21842706813279097,0.20698438249892517,0.19274869184542728
142,-2.7765102768804906,-0.17658508428543923,0.7966939166004078,0.543696335379652,-0.9648679388020175,-0.58102645986146,0.5932825192827773,0.014546482998370145,-0.25549066520323976,0.37288424915621565
143,5.085120245559991,2.298088780061019,0.61401886471528,-0.6234650123918447,0.3338116985461329,-1.5788920930527932,-0.015175932621077215,0.35003865592598016,0.392997175786639,0.20028165983492138
144,-1.5984156717698719,-0.9569043772270177,1.268877895442277,0.43046978118706314,-2.095728178978745,-0.050746196952672164,-0.7495646807287538,-0.33564931506230955,0.3039863658253183,-0.5700035437444165
145,-1.3782258544004884,-0.7531343548143342,1.5277219591799163,-0.6000010065431634,-1.76570322228666,-0.23324886083560167,-0.8716361062629008,-0.6211596138930053,-0.5247860598258202,-0.9397811805671231
146,-2.0566123379451438,0.28353722244417395,0.43051894486728115,1.0574374279078185,-1.9407965007417054,-0.3952401615967994,0.5936511854906423,-0.3619706201384215,0.23599788625456156,-0.13504923403202013
147,-0.35187455466429746,0.505978577076146,-1.9141616993035049,-0.8010594717051478,-0.07560767809973695,-0.34463220086187596,-0.17881060532711998,0.4531870222105928,0.5138741772719884,-0.41763025155925193
148,-3.997018207002392,1.3255327760851017,-0.7477134778949625,-1.4852663733845444,0.7525873156118583,-0.325326619197011,-0.6892315250759998,0.8852124625250745,-1.2087308774019985,1.252600877631131
149,-1.1489972239650643,-2.0950171976348413,-1.2468580049090066,-0.3503981604890664,-0.584688720656516,-0.8388642882856421,1.089825265752379,-0.47019765174982125,0.48937500271785467,0.6752554067814737
150,6.515579013861554,0.6498214153375431,1.163980493239106,0.3704207054522741,0.545065608181726,-0.5824470649487997,-0.961506200178065,0.780091129435764,0.522931931901969,0.6439455429662663
151,-2.329580697109218,0.09799885210438966,-0.33608960257909554,-0.9945589752281314,0.6344714978419392,1.0656085174586607,-0.7286580622272532,-0.36988019101769154,-0.5078144273352888,0.6765863172641505
152,-2.657602776681891,1.5149123114711667,-1.1280850620864162,-0.5789727201217375,0.4057549373664502,0.3833708036777375,0.08131428218609325,0.08646100113780271,-0.5425177587495076,0.3679084339607303
153,-1.0151616394285727,1.4877331833469316,0.6941986740170567,0.1390894876199628,-0.44180313882820577,1.5495447116915106,-0.680248880987108,-0.8596054543061683,-0.6375982137275927,-0.7847372171066229
154,1.5122169534402785,0.5184356942772527,-0.11794133548012722,-0.7317889969387686,-0.540696518538585,-1.0468105434198365,0.14015942943304596,0.2813480456189315,0.16871540163333842,-0.30972589238505
155,3.9566938881284797,2.174687127482174,1.6756495175256072,1.1397047096971507,-0.3075548263299079,0.6851054440375417,-0.35719997892841104,0.2461010485693435,0.37967367861735046,0.03166678388070439
156,-1.328993141216672,-0.18171881873192533,-0.5100237517093957,-0.08053199827802368,1.14587993371011,1.3764177781907623,-0.00023725924080794842,-0.822907781082831,-0.05916983985994794,0.16726103298105252
157,5.551738051618916,-3.2632142283874748,-0.2503625189236656,-0.917488700001456,0.8754188627271422,-0.4437093815454342,-0.009138705718775557,0.9963495559972163,-0.9299898721831482,0.5873044290714966
158,-2.6000098089087897,-0.8052390922693413,2.0908880272309798,0.04001818707211723,-0.6115989216782408,-0.0798048989888303,-0.5404896576934642,-0.1835951413964571,-0.1852935435415438,0.4291137435704704
159,-0.19841398471422997,-1.1300023310523655,-0.8605728545464119,-0.7329394240877171,-0.9110861393032006,-0.9856944300213973,0.2657416869237497,0.16568082234003229,-0.2044451904388236,-0.47747807805488207
160,3.10923763342112,0.35731627404253963,-0.8652271160000787,-1.0204526195804755,0.7716522060396334,-0.014589714586585884,0.8115545307774362,0.678884226316382,-0.1596814501584562,0.054527722426611205
161,-4.153942828677317,1.536352599681156,3.0488936832051636,2.752296016220807,2.202097422475736,-0.3344233268842846,1.136078588415043,0.9677180250023116,-0.41607703714779887,-0.7926686151894587
162,-1.3160889907189353,2.671790175664256,-0.14861404182878044,1.5791795687070138,-0.2992816432809845,0.8546317507918714,0.6592560732010236,-0.14291577713482306,0.8055006540782931,0.4959477335020748
163,-1.8917047622346788,-1.584454239170092,1.3508905933688298,0.48549929199745434,1.1766842163265674,-0.7074952367105396,-0.41590316404405925,0.31276686667859693,1.0271847038370723,-0.26016416221394706
164,0.582780592473642,-0.3537273760022463,2.100611747885046,-0.7097871804895032,-0.708659205603452,1.1899219518832866,-0.14536642954328766,-0.08826339042081432,-0.05453633768317943,-0.4310483743239961
165,-3.710965899627621,-0.3718783864155508,1.8305533827147327,0.1629160947987162,-1.5657593170816866,-0.7910079823130253,-1.1954715654326569,-0.39598770130579053,-0.8859811520782342,1.7960151644149138
166,2.507496577306687,0.10686474204390817,0.1179668973827654,0.09129966284165442,0.6599595758917994,1.1826959625776052,-0.03773133744126015,-0.5050818521448824,-0.8009324542519788,-0.07123555708073369
167,3.502201341573533,2.5516170431388607,-0.2147442318461418,-0.23106255939744244,0.651337208232226,-0.34709589939464774,0.4874798869378877,-0.15964682597940788,-0.09392519687854771,0.029286075993265895
168,0.8412620340902708,1.371289298463734,-0.7852624061961433,0.010553167369847757,-0.13716436305104887,-0.049259276513485564,0.36896891139323457,-0.18260138067543996,-0.24508251892376312,-0.38250902797432346
169,-1.8778888286796636,-0.3606008941967038,0.31406896990804495,0.11169243335196916,-1.9706524062215205,-0.49237282477613387,0.3529859002336605,0.06924778198839768,0.13642344662928987,-0.5532944621916246
170,0.18643099011360095,1.3083240998716807,-1.6399636756985445,0.029230096420288752,0.215522271551513,0.790325349531189,0.4950229879095293,0.11710273383176571,-0.23159010316954015,-0.47615008005086895
171,2.079294939516451,2.890065085908899,0.17469166515219778,-1.2185133830309762,0.2557201099263364,-0.29892319540848106,-0.09901746778191947,0.1573255061244903,0.12373065234981176,-0.5737019076287337
172,3.452028984291234,-0.06567255131829029,-0.17950406916239375,0.5080465543182849,0.443123891896137,0.1281064438640713,-0.6475119982610157,-0.14499378492593756,-0.26320557387991883,0.17292484243816916
173,4.328585574125493,-1.079371046199492,1.1639631860618938,1.554296125716283,-0.499035629966809,0.5244316592129332,0.2942479543726581,0.6275751594047316,-0.22500115807586407,0.5151769326829759
174,2.117908569097582,0.6094215917908137,1.2633693472059884,-0.6505064949158061,0.1527601489830995,-0.6477038009047,-0.6260728318797464,-1.2189932174523923,0.30138584915775346,0.20705815202973696
175,5.851656697862013,0.5973189080322879,1.0213141487691635,0.6144337701170288,0.41305680214873824,-0.5546860059404617,-0.7338695194921108,0.2655388530958287,0.1953784867621718,0.5791947692977548
176,-3.028604129184395,-0.009628563981544566,0.5308089636758945,1.396716612994656,3.0645710138648394,-0.14936267761143998,-0.23128287217792703,0.022528137804474626,-0.06096525696412084,-0.7273900484360933
177,-2.1681189744816987,-0.4347354999420741,-0.94667609084204,-1.0856001123329362,0.29964472517090485,-0.6380254112742388,0.24968624006738116,0.0835581199590513,-0.29044212589974483,0.2558987515058994
178,0.3891661219887793,0.8376071663536637,0.17396023784108086,0.2110254605426114,-0.42651455442152153,0.23513412974609102,-1.0842123176982439,-0.8448265749780389,-0.5098902533681628,-0.6567962134841756
179,1.3375154150430422,-1.6060268663616044,1.3675146922182033,-0.4051843268888647,-0.8350536179642741,0.350982557632009,-0.19536514739887814,0.2684042929984767,0.24340620203011848,-0.11683482876602609
180,-2.9289176865675923,-0.43939048241127043,-1.7323383462727964,-0.6057556319248185,0.5540549779685702,-0.8296979198903905,-0.3378328237976437,1.0474236610146916,0.7938427051970293,0.2428152573452759
181,0.48629739417144024,1.686398125014477,-0.5876831100174567,0.2720132331051117,-0.1840993577414898,0.5976820147977356,0.7670508419979545,-0.033398924732859665,0.1823623823897107,-0.22626135663344907
182,-1.442719625090377,-1.6952948165414805,0.6578122362669394,2.711026528799811,3.422993673197381,-1.1573772418064232,0.5542958361908605,-0.2855323886666875,0.7100957641312272,-1.3314528765446028
183,-2.704958617802109,-0.5452657482158595,0.5161437909353382,0.2616627300349943,3.283337627196407,-0.1346983287891896,-0.22052496822428044,0.19559584561362328,-0.13620646124790015,-0.7977458625780045
184,-1.564228192435722,-1.541237408623766,0.3833442998893977,1.239778235257255,2.2115843347302446,-0.48704534726768556,0.2510996283595044,-0.41791888417018386,0.5861062462449105,-0.6444273222199774
185,0.9983921599706048,-0.6991281682099652,0.8329258832649058,-1.6450915641459907,-0.5956899956952322,0.09020892288705229,0.6594331092549104,1.0457901988898692,0.3103151894626715,-0.37083675894899915
186,-0.09154211416168673,-1.2008007629862179,0.310876492143763,-0.3212897371014006,-1.0778096659837815,0.5900147095169912,1.1005651058405412,0.7648769045865416,0.08685405250968889,-0.34511056105444987
187,-1.766028433265775,-0.8394010641216811,-1.2397222263931942,-0.4665349073679272,-0.3609337698856511,0.22245295555826475,-1.0913818535611994,-0.24781570921999185,0.6845355832841559,-0.13732276687769326
188,-2.59266690464976,-0.23312298357539962,0.4300416640814586,0.4453099686613062,-1.7887931792493834,-0.5554162379658663,0.4026255775668786,-0.019963883223166865,0.08836612218951097,0.2378792165887985
189,-3.004285883992095,-2.1650290947640056,2.86093799638534,1.2566912738854856,2.897067741871969,-2.1672323228810053,0.2764298407622008,-0.0064249962983267345,-0.33349696918343696,-1.3415914134521414
190,0.3067049194913013,0.5693208732310345,-0.2401274259255421,0.3902855493056886,-0.18656953088204928,-0.6581317996838103,1.3392514993325697,-1.1427216402586935,0.08426285071601615,0.35729601769677233
191,-0.4490044318035194,-0.11764904248870536,1.85402474536342,-0.21628666665991803,-1.6334147137810797,0.299762270541271,-0.8903426199090894,-0.11884982620565039,-0.10636792947397966,-0.8827243254510041
192,-1.6670354594932817,0.20392676153616698,-0.9142700858879815,0.9200316301250221,-0.4601857619759937,1.0213885480240696,-0.9808276591518116,-0.11707861175357955,1.163927401996535,0.03151055376689911
193,-1.9689234736172825,0.10529912303250788,2.715165834526152,-0.5093498056755091,-0.7809812770858909,2.3609791363798167,-0.049872117044724516,0.5521071143633176,0.4330292915044652,0.24373033648104123
194,-0.6039395973262048,1.254956118044604,-1.632362729406189,0.25739718287836033,0.3175253200666097,0.8982850033478752,0.7988937575889797,-0.29179520142175286,0.12198827255751239,-0.10065378455367752
195,2.3329134495561137,1.158879022142913,1.3712017925245652,-0.866957190228457,0.006476662789323206,-1.0071429602425521,-0.9077954079761495,-1.525595579398025,-0.4033400065756486,-0.18246372598053115
196,1.441730679227409,0.17669561161843236,-0.39667220345804527,-0.3152663443215033,-0.4915623094736544,-1.025637115415482,0.48763026314989033,-0.11788272734009608,-0.08879343517203733,-0.14234730113612332
197,-1.8972197037132539,0.6865262323115534,1.2325749397560293,0.8327327136655464,-0.6841532441549653,1.0217026692477993,1.2822442480774954,-0.10153503858112845,-0.06911106542973991,0.29870060285991845
198,-3.927343048404868,1.7169685413214484,-0.8791611476840895,-0.530587130808894,0.598319575711985,-0.11083868562505704,-0.35514644838426723,0.2824798388728347,-1.345488107976687,1.3441440352849663
199,-3.041016230177983,-0.26200686869138556,1.0159311798991228,-0.20509867284001512,-0.7083252610872337,-0.7638095243077502,0.39611536455675883,0.28343595428320806,-0.529256431594659,0.5140320294745396
200,4.204944819096842,-2.731677730270337,-0.6219072605870656,1.37265594576642,-0.0922492545830878,-0.08345742281950828,0.04935315837716524,0.5398427284804389,-1.1328525850200895,0.4545059945430622
201,-0.45778975071589734,1.4014168758458718,1.096846643232472,0.41442933067649035,-1.6536712241927594,0.24338810170853534,0.2820296564670004,0.12731864927511713,-0.3495418176358662,-0.9338937073577744
